epoch=1 crossentropy(train): 2.2990707237846375
epoch=1 crossentropy(validation): 2.299988872224898
epoch=2 crossentropy(train): 2.2958877909581243
epoch=2 crossentropy(validation): 2.2976462904699146
epoch=3 crossentropy(train): 2.292981835631149
epoch=3 crossentropy(validation): 2.2956294403131046
error(train): 0.86
error(test): 0.86
